1
1000
1003
1011
1012
1013
102
1021
103
1031
1035
1036
1037
1038
104
1042
105
106
107
108
10842
109
110
1100
1101
1102
11026
1103
1104
1105
11050
1106
1107
1108
11086
1109
1110
1111
1112
1113
1114
1115
1116
1117
1118
1119
1120
1121
1122
1123
1124
1125
1126
113
11311
11318
11320
11330
11334
11336
11337
11338
11340
11341
11342
11343
11344
11345
11348
11349
11350
11352
11353
11355
11356
11357
11358
11359
11360
11362
11364
11365
11366
11367
11368
11371
11373
11375
11394
11395
11396
11397
11398
11399
11401
11404
11406
11407
11408
11409
11411
11412
11413
11414
11415
11416
11417
11418
11419
11420
11421
11422
11423
11424
11425
11427
11428
11429
11435
11436
11437
11438
11439
11440
11441
11442
11456
11457
11458
11459
11460
11461
11462
11465
11466
11467
11469
11478
11491
11493
11494
11495
11497
11501
11507
11512
11553
11554
11555
11556
11557
11558
11559
11560
11561
11562
11563
11564
11565
11566
11567
11568
11569
11570
11571
11572
11573
11574
11575
11576
11577
11578
11579
11580
11581
11582
11583
11584
11585
11586
11587
11588
11589
11590
11591
11592
11593
11594
11595
11596
11597
11598
11599
11600
11601
11647
11651
11704
11705
11708
11720
11740
11741
11742
11744
11745
11748
11750
11751
11752
11754
11755
11759
11760
11761
11762
11763
11764
11765
11766
11767
11768
11769
11770
11771
11772
11773
11774
11775
11776
11777
11778
11780
11782
11784
11786
11787
11788
11789
11790
11791
11792
11793
11795
11797
11798
11799
11800
11801
11802
11803
11804
11805
11806
11808
11809
11811
11812
11813
11814
11815
11818
11819
11824
11826
11827
11828
11833
11834
11835
11837
11838
11839
11840
11842
11844
11845
11846
11847
11848
11849
11850
11851
11852
11853
11854
11856
11857
11858
11859
11864
11868
11869
11870
11873
11875
11876
11878
11879
11880
11881
11882
11883
11884
11887
11888
11889
11890
11891
11892
11893
11894
11895
11897
11898
11899
11900
11901
11902
11903
11904
11905
11906
11907
11909
11911
11912
11914
11919
11920
11921
11922
11923
11925
11928
11937
11938
11939
11945
11949
11950
11953
11954
11956
11958
11959
11964
11966
11967
11968
11973
11974
11975
11976
11977
11978
11979
11980
11981
11982
11983
11984
11985
11986
11987
11988
11989
11990
11991
11992
11993
11995
11996
11997
11998
11999
12
12003
12004
12006
12011
12025
125
127
13
1322
1332
1371
1372
138
1394
1395
146
150
151
153
1570
1584
1588
1598
16
162
1620
1649
165
1681
1683
1700
17022
17030
17032
1732
1753
1754
1755
1757
18
187
19
2
20
2003
2005
2007
2008
2011
2012
2014
2015
2018
2019
2020
2021
2022
2024
2026
2027
2028
2032
2034
2035
2036
2038
2039
2041
2042
2043
2044
2048
2050
2051
2052
2053
2054
2055
2057
2060
2061
2062
2064
2067
2078
2079
2084
2085
2087
2094
2096
2098
2099
2100
2101
2102
2104
2105
2106
2107
2118
2123
2127
2128
2130
2131
2132
2133
2134
2138
2139
2141
2142
2144
2145
2146
2147
2148
2150
2155
2156
2157
2158
2168
2169
2170
2171
2174
2181
2182
2186
2187
2193
2194
2195
2197
2198
2199
2201
2202
2204
2205
2210
2212
2217
2223
2227
2229
223
2233
2239
2242
2249
2250
2252
2253
2254
2257
2258
2264
2265
2266
2267
2268
2269
2270
2271
2275
2276
2277
2278
2280
2283
2285
2287
2288
2291
2292
2294
2295
2297
2298
2300
2301
2304
2308
2309
2310
2311
2312
2320
2321
2322
2324
2326
2327
2328
2329
2331
2332
2333
2334
2335
2336
2337
2340
2341
2342
2343
2344
2345
2346
2347
2350
2351
2353
2355
2356
2358
2359
2362
2363
2366
2370
2372
2374
2375
2376
2377
2378
2379
2383
2384
2385
2386
2387
2388
2390
2391
2393
2394
2396
2397
2398
2399
2400
2401
2402
2403
2404
2407
2408
2409
2410
2412
2413
2415
2417
2418
2419
2420
2422
2423
2424
2426
2428
2430
2431
2432
2433
2434
2435
2436
2437
2438
2440
2442
2443
2444
2447
2448
2449
2450
2451
2455
2456
2457
2459
2461
2462
2463
2464
2465
2467
2468
2470
2471
2472
2473
2474
2476
2478
2479
2480
2481
2483
2484
2485
2491
2492
2493
2495
2497
2498
2507
2508
2509
2513
2521
2526
2528
2530
2538
2539
2540
2541
2543
2545
2547
2550
2551
2552
2553
2555
2557
2558
2559
2560
2561
2562
2563
2564
2565
2566
2567
2568
2569
2570
2571
2572
2573
2574
2576
2578
2581
2582
2583
2584
2585
2587
2589
2591
2592
2593
2596
2598
2600
2601
2602
2604
2605
2606
2607
2608
2613
2614
2615
2618
2620
2622
2624
2625
2626
2627
2629
2630
2632
2635
2636
2637
2639
2640
2643
2644
2645
2647
2648
2649
2650
2651
2652
2654
2665
2666
2668
267
2670
2671
2672
2673
2675
2677
2678
2679
2680
2681
2682
2683
2684
2685
2686
2687
2688
2689
2690
2691
2695
2697
2698
2700
2701
2702
2703
2704
2707
2708
2709
2711
2712
2717
2719
2720
2732
2741
2743
2744
2745
2746
275
2753
2754
2757
2759
2760
2761
2762
2763
2768
277
2770
2772
2773
2775
2776
2777
2779
2780
2781
2782
2787
2789
2795
2798
2800
2801
2802
2803
2804
2821
2827
2829
2830
2831
2832
2833
2834
2835
2836
2837
2838
284
2843
2844
2846
2847
2849
2850
2854
2855
2856
2857
2859
2860
2868
2869
2871
2873
2874
2877
2878
2879
2880
2881
2883
2884
2885
2886
2887
2888
2889
2890
2891
2892
2895
2898
2901
2902
2903
2904
2906
2907
2908
2909
2910
2911
2912
2913
2914
2915
2916
2917
2918
2919
2920
2921
2922
2924
2928
2929
2930
2931
2932
2935
2939
2940
2941
2943
2944
2945
2950
2951
2952
2953
2954
2955
2956
2957
2958
2959
2960
2961
2962
2963
2964
2965
2966
2967
2968
2972
2974
2975
2977
2981
2982
2983
2994
2995
2996
3
3000
3001
3002
3004
3005
3007
3008
3009
3010
3011
3012
3016
3017
3018
3019
3020
3021
3022
3023
3024
3025
3026
3027
3028
3029
3033
3034
3035
3036
3037
3038
3039
304
3042
3047
3048
3049
3050
3051
3052
3058
3060
3062
3070
3071
3072
3075
3077
3078
3079
3080
3087
3088
309
3090
3091
3092
3093
3094
3095
3096
3101
3103
3104
3105
3106
3108
3109
311
3110
3111
3112
3113
3114
3115
3116
3117
3118
3120
3122
3123
3124
3127
3129
3131
3132
3133
3135
3136
3137
3140
3142
3143
3144
3145
3146
3147
3149
3150
3151
3152
3154
3155
3156
3157
3158
3160
3161
3162
3163
3164
3165
3166
3168
3169
3170
3171
3177
3181
3182
3183
3184
3185
3186
3187
3188
3189
3190
3191
3192
3193
3194
3195
3196
3197
3198
3199
3200
3201
3202
3203
3204
3205
3206
3207
3209
3210
3211
3212
3213
3214
3215
3216
3217
3218
3219
322
3220
3221
3222
3224
3225
3226
3227
3228
3229
323
3230
3231
3233
3234
3235
3236
3237
3238
3239
3244
3246
3249
325
3250
3251
3253
3255
3256
3257
3258
3259
3262
3263
3264
3266
3268
3269
3270
3271
3272
3273
3274
3276
3277
3278
3279
3280
3282
3284
3286
3287
3289
3290
3304
3305
3307
3309
3317
3318
3328
3333
3334
3335
3336
334
3351
3357
3358
3361
3364
3365
3367
3368
3369
3370
3371
3372
3375
3376
3377
3378
3380
3381
3382
3383
3384
3385
3387
3389
3394
3396
3398
3399
3400
3401
3407
3409
3410
3415
3417
3421
3424
3439
3441
3442
3449
3452
3453
3455
3457
3458
3459
3466
3484
3486
3487
3499
3506
3511
3515
352
3523
3527
353
3533
3534
3535
3540
3543
3544
3549
3550
3551
3553
3554
3560
3566
3567
3568
3569
3571
3572
3573
3574
3575
3576
3577
3578
3581
3582
3584
3585
3586
3588
3590
3591
3592
3593
3594
3595
3596
3597
3598
3600
3601
3602
3605
3607
3608
3610
3611
3612
3613
3614
3618
3619
3620
3621
3622
3624
3625
3627
3629
3633
3634
3635
3637
3638
3639
3640
3641
3642
3643
3644
3645
3646
3648
3649
365
3650
3651
3652
3654
3657
3662
3663
3664
3665
3666
3668
367
3674
3679
3683
3684
3685
3686
3688
3689
3690
3691
3692
3693
3694
3695
3696
3697
3699
3700
3701
3702
3703
3704
3705
3707
3708
3709
3710
3711
3714
3715
3716
3721
3722
3723
3724
3725
3726
3727
3728
3729
3731
3734
3736
3737
3738
3739
3740
3741
3742
3744
3745
3746
3747
3748
3751
3753
3754
3755
3756
3758
3760
3763
3764
3765
3766
3767
3769
3771
3773
3775
3777
3779
3780
3781
3782
3784
3785
3786
3787
3788
3789
3791
3792
3793
3794
3796
3797
3798
3799
3800
3810
3811
3812
3817
3818
3819
3822
3824
3825
3828
3829
3832
3835
3836
3837
3839
3845
3846
3848
3849
3850
3851
3852
3855
3858
3860
3864
3865
3870
3872
3873
3874
3876
3878
3880
3881
3884
3885
3893
3894
3895
3896
3897
3900
3903
3905
3907
3908
3910
3912
3913
3915
3916
3919
3922
3924
3928
3929
3934
3935
3937
3939
3941
3943
3945
3947
3950
3956
3957
3958
3961
3962
3964
3968
3970
3972
3973
3974
3979
3980
3982
3983
3985
3986
3987
3988
3992
3993
3994
3999
4
4005
4007
401
4011
4014
4021
4023
4029
4031
4037
4042
405
409
410
4103
415
423
4238
4239
425
4269
427
4271
4272
4273
4281
4286
4291
4296
4306
4307
431
4311
4313
434
4373
4444
4458
4461
4462
4466
4467
4468
4469
4473
4474
4475
4476
4478
4479
4483
4484
4485
4486
4487
4488
4489
4490
4491
4492
4493
4494
4495
4496
4497
4498
4499
4501
4502
4512
4514
4515
4516
4517
4518
4519
4520
4521
4522
4525
4526
4527
4528
4536
4537
4538
4539
4540
4541
4542
4543
4544
4545
4547
4548
4549
4550
4551
4552
4553
4556
4557
4558
4560
4561
4562
4563
4564
4565
4566
4567
4568
4569
4570
4571
4572
4573
4575
4576
4577
4578
4579
4580
4581
4582
4583
4584
4585
4587
4588
4589
4591
4592
4593
4594
4595
4596
4597
4598
4599
4600
4601
4605
462
4621
4625
4626
4627
4629
4633
4640
4641
4642
4644
4645
4646
4647
4648
4650
4651
4653
4656
4657
4659
4661
4663
4664
4665
4666
4667
4668
4669
4670
4673
4678
4679
4682
4683
4684
4685
4686
4687
4688
4689
4690
4691
4692
4693
4694
4695
4696
4697
4719
4720
4721
4722
4723
4724
4725
4726
4727
4728
4729
4730
4731
4733
4734
4736
4737
4738
4746
4747
4748
4749
4750
4751
4753
4754
4755
4756
4757
4758
4760
4761
4762
4763
4764
4765
4766
4767
4768
4769
477
4772
4774
4775
4776
4777
4778
4779
4780
4781
4787
4788
4789
4790
4791
4792
4793
4794
4795
4796
4797
4800
4801
4802
4803
4804
4805
4806
4807
4808
4809
4815
4821
4830
4839
4840
4842
4849
485
4850
4851
4852
4853
4854
4856
4857
4858
4859
4861
4864
4865
4866
4867
4868
4869
4870
4871
4872
4874
4875
4876
4878
4879
4882
4888
4889
4892
4893
4894
4895
4896
4899
4901
4902
4903
4904
4907
4909
4910
4913
4930
4932
494
4943
4948
4949
4953
4954
4955
4956
4957
4958
4959
4960
4994
5
5023
5024
5071
5087
5088
5089
5113
5114
5115
5116
5117
5118
5120
5122
5123
5124
5125
5126
5127
5128
5129
5130
5131
5132
5133
5134
5136
5137
5138
5139
5140
5141
5142
5144
5145
5146
5147
5148
5149
5150
5151
5152
5153
5154
5155
5156
5157
5158
5159
516
5160
5161
5162
5163
5164
5165
5166
5167
5168
5169
5170
5171
5172
5174
5175
5176
518
5193
5194
5195
5196
5197
5198
5199
520
5200
5201
5202
5203
5204
5205
5206
5207
5208
5209
521
5210
5211
5212
5215
5290
5291
53
5340
5341
5343
5358
5359
5360
5361
5362
5363
5364
5365
5368
5369
5386
5387
5392
542
5434
5441
5444
5445
5446
5455
5462
5483
5484
55
5513
5514
5515
5516
5517
5518
5519
5520
5521
5522
5524
5525
5548
5549
555
5561
5570
5571
5573
5585
5586
5589
5590
5593
5594
5595
5597
5598
5599
5600
5605
5606
5631
5633
5635
5642
5644
5651
5652
5655
5656
5657
5658
5659
566
5660
5661
5662
5663
5664
5667
5668
5670
5671
5673
5674
5675
5676
5677
5678
5679
5680
5681
5682
5691
5692
5694
5695
5696
5697
5698
5700
5701
5704
5705
5706
5722
575
5765
5767
5775
5776
5777
5808
5810
5816
5818
5819
5821
5823
5825
5830
5841
5855
5865
5867
5881
5883
5891
5898
5899
5900
5901
5902
5903
5904
5905
5906
5907
5908
5909
591
5910
5911
5912
5913
5914
5915
5917
5919
5921
5927
5928
5930
5934
5937
5938
5939
5940
5941
5942
5943
5950
5969
5970
5972
5973
5974
5979
5981
5982
5983
5984
5985
5986
5987
5988
5989
5990
5991
5992
5993
5994
5995
5996
6
6006
6007
601
6011
6012
6029
6035
6037
6039
6051
6052
6053
6056
6057
6058
6063
6064
6065
6067
608
6105
6116
6117
6121
6124
6125
6128
6129
613
6131
6132
6135
6136
6137
6138
614
6140
6144
6145
6146
6147
6148
6149
615
6150
6151
6152
6153
6154
6155
6156
6157
6158
6159
6160
6162
6163
6164
6166
6167
6168
6169
617
6170
6171
6172
6173
6174
6175
6176
6177
6178
6179
618
6180
6181
6185
6188
6191
6198
6205
6206
6207
6208
6209
6210
6211
6213
6226
6228
6229
6230
6231
6232
6240
6241
6242
6248
6249
6250
6251
6252
6253
6254
6255
6256
6257
6258
6259
6260
6261
6266
6267
6268
6269
6270
6271
6272
6273
6274
6275
6276
6277
6278
6279
6280
6281
6283
6284
6292
6295
6296
6304
6312
6313
6314
6321
6322
6323
6324
6325
6326
6327
6328
6329
6335
6336
6337
6338
6339
6340
6341
6353
6354
6355
6356
6357
6358
6359
6360
6361
6362
6363
6364
6392
6394
6398
6410
6411
6412
6413
6417
6418
6419
6426
6429
6434
6439
644
6442
6445
6448
6449
6450
6451
6452
6453
6454
6455
6457
6458
6459
6460
6461
6462
6463
6464
6465
6466
6468
6469
6470
6471
6472
6473
6474
6476
6478
648
6489
649
6490
6491
6492
6493
6494
6495
6496
6501
6502
6507
6509
6510
6513
6525
6526
6527
6529
6531
6533
6534
6536
6544
6546
6547
6548
6549
6550
6551
6552
6553
6554
6555
6556
6557
6560
6561
6566
6567
6571
6574
6576
6578
6579
6580
6581
6582
6584
6586
6591
6592
6594
6596
6598
66
6615
6616
6617
6618
6619
6620
6621
6625
6627
6628
663
6630
6643
6647
6648
6650
6670
6675
6680
6682
6683
6685
6686
6687
6688
669
6695
6696
6697
6698
6699
6700
6701
6702
6703
6704
6705
6706
6707
6708
6711
6712
6713
6714
6715
6716
6717
6718
6719
6720
6721
6722
6723
6727
6728
6729
6730
6731
6732
6735
6739
6742
6743
675
6751
6752
6756
6760
6763
6773
6776
6781
6782
6783
6787
6791
6792
6795
6796
6799
680
6805
6806
681
6811
6812
6815
6816
6819
6820
6822
6823
6824
6831
6832
6833
6834
6836
6842
6843
6845
6846
6848
6850
6851
6852
6855
6856
6860
6861
690
698
7
70001
7007
7079
7082
7084
7089
7093
7104
711
715
7150
7152
7153
7154
7158
7165
7192
7200
7201
7204
7227
7228
723
7231
7232
7233
7235
7236
7238
7239
7244
7251
7252
7255
7258
726
7266
7270
7271
7272
7273
7274
7275
7276
7277
7278
7279
7314
7315
740
743
7485
7486
7487
7488
7489
7490
7491
7492
7493
7506
7507
7509
7517
7531
7532
7533
7534
7535
7536
7537
7538
7539
7540
7541
7542
7543
7544
7545
7546
7547
7548
7549
7550
7552
7553
7555
7573
7591
7593
7594
7595
7596
7597
7614
7617
7621
7623
7632
7635
7641
765
7662
7663
7664
7667
7669
7670
7681
7690
7693
7694
7699
7702
7705
7708
7710
7714
7721
7722
7723
7724
7725
7726
7727
7729
7730
7731
7732
7733
7734
7735
7736
7737
7738
7739
774
7741
7742
7743
7744
7745
7746
7747
7748
7749
7750
7751
7752
7753
7754
7755
7756
7757
7758
7759
7765
7778
7780
7783
7786
7788
7794
7795
7798
7802
7821
7823
7824
7825
7826
783
7833
7835
7836
7840
7841
7843
7844
7852
7853
7855
7858
7860
7863
7866
7876
7879
7884
7885
7886
7887
7889
7890
7891
7892
7893
7894
79
7901
7902
7903
7908
7909
7910
7911
7912
7917
7924
7926
7928
7930
7932
7933
7934
7936
7937
7938
7941
7942
7944
7974
7975
7976
7977
7978
7979
798
7980
7981
7982
7983
7984
7985
7986
7987
7988
7989
799
7990
7994
8
8001
801
8016
8017
8019
8020
8022
8023
8024
8026
8028
8030
8034
8037
8038
8044
8045
8048
8050
8052
8053
8054
8060
8062
8063
8067
8068
8070
8076
8077
8078
8080
8081
8083
8088
8090
8091
8092
8094
8097
8099
810
8100
8101
8103
8119
8120
8121
8124
8126
8139
8151
8152
8153
8154
8156
8157
8159
8162
8163
8164
8165
8167
8169
8170
8176
8180
8181
821
8246
828
8288
8336
834
8340
8341
8344
8347
8353
8355
8356
8364
8373
8374
8375
8380
8381
8384
8385
8389
8392
8396
8404
8407
8410
8414
8418
8431
8434
8439
8440
8449
8451
8457
8471
8481
8488
8490
8491
8493
8495
8499
8500
8508
8521
8540
8563
8582
8589
8599
8610
8697
8748
8753
8754
8760
8761
8762
8763
8764
8765
8766
8768
8769
8782
8783
8784
8785
8786
8787
8788
8789
8790
8791
8793
8794
8795
8796
8799
8800
88001
88003
88004
88005
88006
88007
88008
8801
88010
88012
88013
88014
88018
88019
8802
88020
88021
88022
88023
88025
88028
88029
8803
88030
88031
88032
88034
88035
88036
88037
88038
88046
88047
88050
88051
88052
88053
88054
88055
88056
8807
8808
8809
8811
8812
8813
8814
8816
8817
8818
8819
8820
8821
8822
8823
8828
8829
8830
8831
8832
8839
8840
8841
8847
8848
8850
8851
8853
8855
8859
8860
8862
8863
8864
8867
8869
8872
8874
8878
8880
8881
8883
8884
8885
8886
8890
8891
8897
8898
8900
8902
8904
8905
8906
8907
8909
8910
8911
8913
8915
8917
8918
8919
8920
8921
8922
8923
8924
8925
8926
8927
8928
8931
8937
8938
8940
8962
8963
8964
897
898
9001
9002
9011
9015
9016
9024
9025
9029
9030
9033
9035
9040
9049
9051
9052
9054
9055
9056
9057
9065
9067
9069
9074
9075
9076
9078
9079
9080
9081
9082
9083
9084
9092
9093
9094
9097
9111
9112
9114
9115
9119
9120
9123
9126
9128
9130
9131
9132
9133
9136
9144
9147
9149
9152
9154
9155
9156
9157
9160
9162
9165
9166
9168
9169
917
9170
9171
9172
9173
9174
9179
9180
9181
9183
9185
9188
9189
9192
9197
9199
9201
9203
9204
9205
9206
9207
9209
921
9210
9211
9212
9213
9216
9217
9218
9219
9221
9226
9227
9228
923
9230
9232
9233
9234
9237
9238
9239
9241
9242
9243
9244
9245
9246
9247
9248
9249
9250
9251
9252
9253
9254
9255
9256
9257
9258
9259
9260
9262
9264
9267
9268
9269
9270
9271
9272
9273
9274
9275
9277
9278
9279
9280
9281
9282
9283
929
9296
9297
9298
9300
9301
9302
9303
9304
9305
9306
9324
9325
93253
93254
93255
93256
93257
93258
93259
93260
93261
93262
9327
9328
9329
933
9331
934
935
9378
9379
9384
9385
9386
9387
9388
9389
9396
9400
9436
9437
9446
9504
9615
9618
9619
9620
9621
9646
9648
9649
9650
9651
9652
9653
9654
9655
9656
9661
9703
9754
9764
9768
9772
9773
9774
9777
9778
9779
9780
9781
9783
9786
9801
9843
9853
9854
9855
9856
9857
9858
9859
9860
9861
9862
9863
9864
9865
987
994
